
00000000: bb bb 00 00 00 00 00 80   0b 31 30 30 33 33 37 36 

00000010: 31 31 30 32 04 29 bb bb   00 00 00 00 00 80 0b 31 

00000020: 30 30 33 33 37 36 31 31   30 32 04 29 bb bb 00 01 

00000030: 00 00 00 81 01 06 01 ff   bb bb 00 01 01 00 01 82 

00000040: 2a 01 bd 07 ff 00 2a 00   00 14 11 00 01 00 00 00 

00000050: 00 00 00 00 00 00 00 00   21 09 a6 13 8e 03 36 00 

00000060: 00 00 00 5e 0f 00 00 00   00 00 00 06 50 bb bb 00 

00000070: 01 01 00 01 82 2a 01 bf   07 d5 00 28 00 00 14 11 

00000080: 00 01 00 00 00 00 00 00   00 00 00 00 00 1f 09 a6 

00000090: 13 8b 03 0a 00 00 00 00   5e 0f 00 00 00 00 00 00 

000000a0: 05 f5 bb bb 00 01 01 00   01 82 2a 01 bd 07 fb 00 

000000b0: 24 00 00 14 11 00 01 00   00 00 00 00 00 00 00 00 

000000c0: 00 00 1d 09 a6 13 8c 02   c4 00 00 00 00 5e 0f 00 

000000d0: 00 00 00 00 00 06 cd bb   bb 00 01 01 00 01 82 2a 

000000e0: 01 ba 07 d0 00 25 00 00   14 11 00 01 00 00 00 00 

000000f0: 00 00 00 00 00 00 00 1d   09 a6 13 8b 02 cb 00 00 

00000100: 00 00 5e 0f 00 00 00 00   00 00 06 a6 bb bb 00 01 

00000110: 01 00 01 82 2a 01 c1 07   d5 00 25 00 00 14 11 00 

00000120: 01 00 00 00 00 00 00 00   00 00 00 00 1d 09 a6 13 

00000130: 8b 02 c9 00 00 00 00 5e   0f 00 00 00 00 00 00 06 

00000140: b0 bb bb 00 01 01 00 01   82 2a 01 bb 07 d5 00 25 

00000150: 00 00 14 11 00 01 00 00   00 00 00 00 00 00 00 00 

00000160: 00 1c 09 a6 13 8c 02 c1   00 00 00 00 5e 0f 00 00 

00000170: 00 00 00 00 06 a2 bb bb   00 01 01 00 01 82 2a 01 

00000180: bc 07 fb 00 24 00 00 14   11 00 01 00 00 00 00 00 

00000190: 00 00 00 00 00 00 1c 09   a6 13 8c 02 c4 00 00 00 

000001a0: 00 5e 0f 00 00 00 00 00   00 06 cb bb bb 00 01 00 

000001b0: 00 00 81 01 06 01 ff bb   bb 00 01 01 00 01 82 2a 

000001c0: 01 b8 07 df 00 37 00 00   14 11 00 01 00 00 00 00 

000001d0: 00 00 00 00 00 00 00 2b   09 b0 13 8d 04 2a 00 00 

000001e0: 00 00 5e 0f 00 00 00 00   00 00 06 40 bb bb 00 01 

000001f0: 01 00 01 82 2a 01 bc 07   d8 00 38 00 00 14 11 00 

00000200: 01 00 00 00 00 00 00 00   00 00 00 00 2b 09 b0 13 

00000210: 8d 04 2d 00 00 00 00 5e   0f 00 00 00 00 00 00 06 

00000220: 41 bb bb 00 01 01 00 01   82 2a 01 be 07 e6 00 37 

00000230: 00 00 14 11 00 01 00 00   00 00 00 00 00 00 00 00 

00000240: 00 2b 09 a6 13 8c 04 31   00 00 00 00 5e 0f 00 00 

00000250: 00 00 00 00 06 49 bb bb   00 01 01 00 01 82 2a 01 

00000260: c1 07 e5 00 37 00 00 14   11 00 01 00 00 00 00 00 

00000270: 00 00 00 00 00 00 2b 09   b0 13 8d 04 2f 00 00 00 

00000280: 00 5e 0f 00 00 00 00 00   00 06 54 bb bb 00 01 01 

00000290: 00 01 82 2a 01 bb 07 de   00 38 00 00 14 11 00 01 

000002a0: 00 00 00 00 00 00 00 00   00 00 00 2b 09 b0 13 8d 

000002b0: 04 32 00 00 00 00 5e 0f   00 00 00 00 00 00 06 4b 




TEST 19 Oct 2016 from CuteCom on RPi platform

Get Serial Number


Sent	bbbb000000000000000176

Rcvd	bb bb 00 00 00 00 00 80 0b 31 30 30 33 33 37 36 31 31 30 32 04 29



Login with Serial number
Sent	bbbb0000000000010c31303033333736313130320103ac

Rcvd	bb bb 00 01 00 00 00 81 01 06 01 ff 



Get Single string data
Sent	bbbb01000001010200017b

Rcvd	bb bb 00 01 01 00 01 82 2a 01 9e 08 1d 00 19 00 00 14 11 00 01 00 00 00 00 00 00 00 00 00 00 00 14 09 93 13 84 01 f7 00 00 00 00 5e 11 00 00 00 00 00 00 05 d6



