
' Sends Get Single PV Output
' Sends Get Inverter Serial Number

BB BB 01 00 00 01 01 02 00 01 7B 
BB BB 00 00 00 00 00 00 00 01 76 


' Response to Get Inverter Serial Number
BB BB 00 00 00 00 00 80 0B 31 30 30 33 33 37 36 31 31 30 32 04 29

' Sends Log In request
BB BB 00 00 00 00 00 01 0C 31 30 30 33 33 37 36 31 31 30 32 01 03 AC 

' Response to Log In request - inc 0x06 Ack
BB BB 00 01 00 00 00 81 01 06 01 FF 




' Response to Get Single PV Output
BB BB 00 01 01 00 01 82 2A 01 A1 08 1A 00 4F 00 00 14 0E 00 01 00 00 00 00 00 00 00 00 00 00 00 3F 09 BA 13 8C 06 16 00 00 00 00 5D EE 00 00 00 00 00 00 06 63 
BB BB 00 01 01 00 01 82 2A 01 9A 08 1A 00 35 00 00 14 0E 00 01 00 00 00 00 00 00 00 00 00 00 00 2A 09 B0 13 82 04 13 00 00 00 00 5D F1 00 00 00 00 00 00 06 17 
BB BB 00 01 01 00 01 82 2A 01 9D 08 0F 00 35 00 00 14 0E 00 01 00 00 00 00 00 00 00 00 00 00 00 2A 09 B0 13 83 04 17 00 00 00 00 5D F1 00 00 00 00 00 00 06 14 
BB BB 00 01 01 00 01 82 2A 01 9C 07 FE 00 36 00 00 14 0E 00 01 00 00 00 00 00 00 00 00 00 00 00 2A 09 B0 13 83 04 1F 00 00 00 00 5D F1 00 00 00 00 00 00 07 0A 
BB BB 00 01 01 00 01 82 2A 01 9C 07 FE 00 36 00 00 14 0E 00 01 00 00 00 00 00 00 00 00 00 00 00 2A 09 B0 13 83 04 1E 00 00 00 00 5D F1 00 00 00 00 00 00 07 09 
BB BB 00 01 01 00 01 82 2A 01 98 07 EF 00 36 00 00 14 0E 00 01 00 00 00 00 00 00 00 00 00 00 00 2A 09 B0 13 83 04 20 00 00 00 00 5D F1 00 00 00 00 00 00 06 F8 
BB BB 00 01 01 00 01 82 2A 01 9C 07 F8 00 36 00 00 14 0E 00 01 00 00 00 00 00 00 00 00 00 00 00 2B 09 B0 13 84 04 1F 00 00 00 00 5D F1 00 00 00 00 00 00 07 06 
BB BB 00 01 01 00 01 82 2A 01 96 07 DE 00 37 00 00 14 0E 00 01 00 00 00 00 00 00 00 00 00 00 00 2A 09 A6 13 83 04 1F 00 00 00 00 5D F1 00 00 00 00 00 00 06 DB 
BB BB 00 01 01 00 01 82 2A 01 AC 07 BD 00 51 00 00 14 0E 00 01 00 00 00 00 00 00 00 00 00 00 00 3D 09 C4 13 8B 05 F8 00 00 00 00 5D F2 00 00 00 00 00 00 07 FE 
BB BB 00 01 01 00 01 82 2A 01 AC 07 BD 00 50 00 00 14 0E 00 01 00 00 00 00 00 00 00 00 00 00 00 3D 09 BA 13 8C 05 F2 00 00 00 00 5D F2 00 00 00 00 00 00 07 EE 
BB BB 00 01 01 00 01 82 2A 01 A9 07 C5 00 51 00 00 14 0E 00 01 00 00 00 00 00 00 00 00 00 00 00 3D 09 BA 13 8D 05 FE 00 00 00 00 5D F2 00 00 00 00 00 00 08 01 
BB BB 00 01 01 00 01 82 2A 01 AF 07 D8 00 51 00 00 14 0E 00 01 00 00 00 00 00 00 00 00 00 00 00 3E 09 BA 13 88 06 13 00 00 00 00 5D F3 00 00 00 00 00 00 07 2D 
BB BB 00 01 01 00 01 82 2A 01 AD 07 E1 00 51 00 00 14 0E 00 01 00 00 00 00 00 00 00 00 00 00 00 3F 09 B0 13 85 06 1D 00 00 00 00 5D F3 00 00 00 00 00 00 07 32 
BB BB 00 01 01 00 01 82 2A 01 A9 07 CF 00 29 00 00 14 0E 00 01 00 00 00 00 00 00 00 00 00 00 00 20 09 B0 13 88 03 12 00 00 00 00 5D F4 00 00 00 00 00 00 06 CB 
BB BB 00 01 01 00 01 82 2A 01 9E 07 E6 00 29 00 00 14 0E 00 01 00 00 00 00 00 00 00 00 00 00 00 20 09 B0 13 88 03 1D 00 00 00 00 5D F4 00 00 00 00 00 00 06 E2 


BB BB 00 01 01 00 01 82 2A 01 CA 07 9A 00 51 00 00 14 0E 00 01 00 00 00 00 00 00 00 00 00 00 00 3C 09 CD 13 88 05 DE 00 00 00 00 5D F8 00 00 00 00 00 00 07 EA 
BB BB 00 01 01 00 01 82 2A 01 C4 07 96 00 51 00 00 14 0E 00 01 00 00 00 00 00 00 00 00 00 00 00 3C 09 C4 13 88 05 D9 00 00 00 00 5D F8 00 00 00 00 00 00 07 D2 
BB BB 00 01 01 00 01 82 2A 01 C6 07 A6 00 50 00 00 14 0E 00 01 00 00 00 00 00 00 00 00 00 00 00 3C 09 CD 13 89 05 D8 00 00 00 00 5D F8 00 00 00 00 00 00 07 EC 
BB BB 00 01 01 00 01 82 2A 01 C7 07 91 00 50 00 00 14 0E 00 01 00 00 00 00 00 00 00 00 00 00 00 3B 09 CD 13 8F 05 CD 00 00 00 00 5D F8 00 00 00 00 00 00 07 D2 



' Sends Get Inverter Config
BB BB 01 00 00 01 01 04 00 01 7D 

' Response to Get Inverter Config
BB BB 00 01 01 00 01 84 10 05 DC 00 3C 08 34 0A 28 12 C0 13 EC 00 14 00 05 05 82 




?? No log out command.... does seem to time out thought eventually
?? no option get serial number until logged out by ?? timeout??

